0,508
45,3
45,2
45,1
45,0
0,507
44,3
44,2
44,1
44,0
0,506
0,505
43,3
43,2
43,1
43,0
0,504
0,503
42,3
42,2
42,1
42,0
0,502
0,501
0,500
0,499
0,498
0,497
0,496
0,495
0,494
0,493
0,492
0,491
0,490
0,489
0,488
0,487
0,486
0,485
0,484
0,483
0,482
0,481
0,480
0,479
0,478
0,477
0,476
0,475
0,474
0,473
0,472
0,471
0,243
0,470
0,469
0,468
0,467
0,466
41,3
41,2
41,1
41,0
0,465
0,464
0,463
0,462
40,3
40,2
0,461
40,1
40,0
0,460
0,459
0,458
0,457
0,456
0,455
0,454
0,453
0,452
0,451
0,450
0,449
0,448
0,447
0,446
0,445
0,444
0,443
0,442
0,441
0,440
0,439
0,438
0,437
0,436
0,435
0,434
0,433
0,432
0,431
0,430
0,429
0,428
0,427
0,426
0,425
0,424
0,423
0,422
0,421
0,420
0,419
0,418
0,417
0,416
0,415
0,414
0,413
